hl : 11425
sw : 101
fa : 349
ft : 2
rt : 25
nj : 3100
nl : 4108
fv : 6
np : 102
fq : 162
fr : 559
E : 6100
P : 4177
fx : 4
v : 10386
O : 61
Q : 1072
hk : 18049
R : 4146
T : 21439
W : 1103
fg : 197
qt : 2557
a : 56138
c : 17480
b : 4679
e : 79682
d : 256604
g : 64879
f : 124164
i : 4947
h : 77310
k : 175788
j : 86638
m : 109068
l : 125086
o : 34527
n : 54893
q : 41538
p : 36286
s : 174779
r : 150892
u : 37672
t : 82430
w : 73711
ml : 22587
y : 7153
x : 11781
z : 4520
sg : 2799
ho : 564
