W : 812
sw : 87
fa : 260
ft : 1
rt : 14
nj : 2949
nl : 3216
np : 81
fq : 128
fr : 421
E : 4771
fv : 4
fx : 3
v : 8011
O : 56
Q : 856
P : 3258
R : 3446
T : 17632
hl : 9043
fg : 145
qt : 2023
a : 43712
c : 13901
b : 3546
e : 64496
d : 202762
g : 50654
f : 98297
i : 3902
h : 59843
k : 139550
j : 68865
m : 85167
l : 98541
o : 27616
n : 43079
q : 32562
p : 29371
s : 139337
r : 117304
u : 30490
t : 64205
w : 57023
ml : 17502
y : 5470
x : 9245
z : 3512
sg : 2189
hk : 13580
ho : 424
