hl : 13640
sw : 112
fa : 386
ft : 2
rt : 25
nj : 4467
nl : 4780
fv : 6
np : 125
fq : 181
fr : 606
E : 6834
P : 4961
fx : 5
v : 12306
O : 75
Q : 1188
hk : 20622
R : 4804
T : 25405
W : 1322
fg : 208
qt : 2757
a : 64563
c : 20924
b : 5556
e : 92586
d : 299308
g : 74638
f : 143480
i : 5687
ml : 26311
k : 202760
j : 100094
m : 124901
l : 144261
o : 40702
n : 64030
q : 48768
p : 43560
s : 204755
r : 174925
u : 45939
t : 94979
w : 85212
h : 89799
y : 8283
x : 14219
z : 5495
sg : 3013
ho : 650
