hl : 7824
sw : 81
fa : 241
ft : 1
rt : 14
nj : 2176
nl : 2859
fv : 4
np : 68
fq : 119
fr : 395
E : 4419
P : 2856
fx : 3
v : 7071
O : 50
Q : 793
hk : 12302
R : 3092
T : 15410
W : 703
fg : 140
qt : 1923
a : 39408
c : 12026
b : 3149
e : 57470
d : 180432
g : 45578
f : 88216
i : 3499
ml : 15601
k : 125391
j : 61645
m : 77096
l : 88448
o : 24336
n : 38271
q : 28897
p : 25472
s : 123385
r : 104925
u : 26080
t : 57561
w : 51094
h : 53480
y : 4900
x : 8045
z : 3055
sg : 2065
ho : 390
