W : 1286
sw : 111
fa : 377
ft : 2
rt : 25
nj : 4325
nl : 4642
fv : 6
np : 121
qt : 2714
fq : 179
fr : 602
E : 6673
P : 4812
fx : 4
O : 71
Q : 1171
hk : 20109
R : 4719
T : 24830
hl : 13228
fg : 206
ml : 25552
a : 63118
c : 20349
b : 5369
e : 90398
d : 291738
g : 72778
f : 139914
i : 5578
h : 87455
k : 198028
j : 97753
m : 121816
l : 140846
o : 39703
n : 62512
q : 47418
p : 42294
s : 199784
r : 170580
u : 44626
t : 92661
w : 83228
v : 11936
y : 8058
x : 13734
z : 5266
sg : 2977
ho : 621
